

# Data from male_chn
"AverageAge"	"P1"	"P2"
26	0.0102594425211496	0
27	0.0102594425211496	0
28	0.0102594425211496	0
29	0.0102594425211496	0
30	0.0102594425211496	0
31	0.0113511755747478	0.0088039289892093
32	0.0113511755747478	0.0088039289892093
33	0.0113511755747478	0.0088039289892093
34	0.0113511755747478	0.0088039289892093
35	0.0113511755747478	0.0088039289892093
36	0.0134792896918505	0.0179911368915818
37	0.0134792896918505	0.0179911368915818
38	0.0134792896918505	0.0179911368915818
39	0.0134792896918505	0.0179911368915818
40	0.0134792896918505	0.0179911368915818
41	0.0164862059328687	0.0219939566285786
42	0.0164862059328687	0.0219939566285786
43	0.0164862059328687	0.0219939566285786
44	0.0164862059328687	0.0219939566285786
45	0.0164862059328687	0.0219939566285786
46	0.0211778808121835	0.0387816680577021
47	0.0211778808121835	0.0387816680577021
48	0.0211778808121835	0.0387816680577021
49	0.0211778808121835	0.0387816680577021
50	0.0211778808121835	0.0387816680577021
51	0.0266208686290423	0.0592986428644229
52	0.0266208686290423	0.0592986428644229
53	0.0266208686290423	0.0592986428644229
54	0.0266208686290423	0.0592986428644229
55	0.0266208686290423	0.0592986428644229
56	0.0316187910454438	0.0706852957118779
57	0.0316187910454438	0.0706852957118779
58	0.0316187910454438	0.0706852957118779
59	0.0316187910454438	0.0706852957118779
60	0.0316187910454438	0.0706852957118779
61	0.0361814353461893	0.0772729266442274
62	0.0361814353461893	0.0772729266442274
63	0.0361814353461893	0.0772729266442274
64	0.0361814353461893	0.0772729266442274
65	0.0361814353461893	0.0772729266442274
66	0.0404424260145812	0.0814338931249295
67	0.0404424260145812	0.0814338931249295
68	0.0404424260145812	0.0814338931249295
69	0.0404424260145812	0.0814338931249295
70	0.0404424260145812	0.0814338931249295
71	0.0450136325538851	0.0844101695003261
72	0.0450136325538851	0.0844101695003261
73	0.0450136325538851	0.0844101695003261
74	0.0450136325538851	0.0844101695003261
75	0.0450136325538851	0.0844101695003261
76	0.0501371703087987	0.0866775927183173
77	0.0501371703087987	0.0866775927183173
78	0.0501371703087987	0.0866775927183173
79	0.0501371703087987	0.0866775927183173
80	0.0501371703087987	0.0866775927183173
81	0.0559438398145578	0.0884624541079508
82	0.0559438398145578	0.0884624541079508
83	0.0559438398145578	0.0884624541079508
84	0.0559438398145578	0.0884624541079508
85	0.0559438398145578	0.0884624541079508
86	0.0626065396993357	0.0899039884529554
87	0.0626065396993357	0.0899039884529554
88	0.0626065396993357	0.0899039884529554
89	0.0626065396993357	0.0899039884529554
90	0.0626065396993357	0.0899039884529554


# Data from female_chn
"AverageAge"	"P1"	"P2"
26	0.023033766040785	0.0383381977501735
27	0.023033766040785	0.0383381977501735
28	0.023033766040785	0.0383381977501735
29	0.023033766040785	0.0383381977501735
30	0.023033766040785	0.0383381977501735
31	0.0242451000862018	0.033915238000145
32	0.0242451000862018	0.033915238000145
33	0.0242451000862018	0.033915238000145
34	0.0242451000862018	0.033915238000145
35	0.0242451000862018	0.033915238000145
36	0.0251439721730553	0.0331951793491999
37	0.0251439721730553	0.0331951793491999
38	0.0251439721730553	0.0331951793491999
39	0.0251439721730553	0.0331951793491999
40	0.0251439721730553	0.0331951793491999
41	0.0256184413037734	0.0330859382976301
42	0.0256184413037734	0.0330859382976301
43	0.0256184413037734	0.0330859382976301
44	0.0256184413037734	0.0330859382976301
45	0.0256184413037734	0.0330859382976301
46	0.0256226531238744	0.0333245474138783
47	0.0256226531238744	0.0333245474138783
48	0.0256226531238744	0.0333245474138783
49	0.0256226531238744	0.0333245474138783
50	0.0256226531238744	0.0333245474138783
51	0.0252737416631765	0.0338560927790396
52	0.0252737416631765	0.0338560927790396
53	0.0252737416631765	0.0338560927790396
54	0.0252737416631765	0.0338560927790396
55	0.0252737416631765	0.0338560927790396
56	0.025224304468312	0.034643067445461
57	0.025224304468312	0.034643067445461
58	0.025224304468312	0.034643067445461
59	0.025224304468312	0.034643067445461
60	0.025224304468312	0.034643067445461
61	0.0256840835922911	0.0355501811813032
62	0.0256840835922911	0.0355501811813032
63	0.0256840835922911	0.0355501811813032
64	0.0256840835922911	0.0355501811813032
65	0.0256840835922911	0.0355501811813032
66	0.0267071284149749	0.0364668297015933
67	0.0267071284149749	0.0364668297015933
68	0.0267071284149749	0.0364668297015933
69	0.0267071284149749	0.0364668297015933
70	0.0267071284149749	0.0364668297015933
71	0.0282612382669849	0.0373139562593047
72	0.0282612382669849	0.0373139562593047
73	0.0282612382669849	0.0373139562593047
74	0.0282612382669849	0.0373139562593047
75	0.0282612382669849	0.0373139562593047
76	0.0300241839586099	0.03804314157231
77	0.0300241839586099	0.03804314157231
78	0.0300241839586099	0.03804314157231
79	0.0300241839586099	0.03804314157231
80	0.0300241839586099	0.03804314157231
81	0.0319236860305133	0.0386673605669246
82	0.0319236860305133	0.0386673605669246
83	0.0319236860305133	0.0386673605669246
84	0.0319236860305133	0.0386673605669246
85	0.0319236860305133	0.0386673605669246
86	0.0339785540537399	0.0392077563397195
87	0.0339785540537399	0.0392077563397195
88	0.0339785540537399	0.0392077563397195
89	0.0339785540537399	0.0392077563397195
90	0.0339785540537399	0.0392077563397195


# Data from male_ind
"AverageAge"	"P1"	"P2"
26	0.0141937330175034	0
27	0.0141937330175034	0
28	0.0141937330175034	0
29	0.0141937330175034	0
30	0.0141937330175034	0
31	0.0157041238069846	0.0150987382164939
32	0.0157041238069846	0.0150987382164939
33	0.0157041238069846	0.0150987382164939
34	0.0157041238069846	0.0150987382164939
35	0.0157041238069846	0.0150987382164939
36	0.0186483270175067	0.0308547997690627
37	0.0186483270175067	0.0308547997690627
38	0.0186483270175067	0.0308547997690627
39	0.0186483270175067	0.0308547997690627
40	0.0186483270175067	0.0308547997690627
41	0.0228083353457395	0.0377196356180121
42	0.0228083353457395	0.0377196356180121
43	0.0228083353457395	0.0377196356180121
44	0.0228083353457395	0.0377196356180121
45	0.0228083353457395	0.0377196356180121
46	0.0292991734692188	0.0665105607189588
47	0.0292991734692188	0.0665105607189588
48	0.0292991734692188	0.0665105607189588
49	0.0292991734692188	0.0665105607189588
50	0.0292991734692188	0.0665105607189588
51	0.0368294379773296	0.101697172512485
52	0.0368294379773296	0.101697172512485
53	0.0368294379773296	0.101697172512485
54	0.0368294379773296	0.101697172512485
55	0.0368294379773296	0.101697172512485
56	0.043743963427846	0.12122528214587
57	0.043743963427846	0.12122528214587
58	0.043743963427846	0.12122528214587
59	0.043743963427846	0.12122528214587
60	0.043743963427846	0.12122528214587
61	0.050056290333047	0.13252306919485
62	0.050056290333047	0.13252306919485
63	0.050056290333047	0.13252306919485
64	0.050056290333047	0.13252306919485
65	0.050056290333047	0.13252306919485
66	0.0559512854862974	0.139659126709254
67	0.0559512854862974	0.139659126709254
68	0.0559512854862974	0.139659126709254
69	0.0559512854862974	0.139659126709254
70	0.0559512854862974	0.139659126709254
71	0.0622754580768637	0.144763440693059
72	0.0622754580768637	0.144763440693059
73	0.0622754580768637	0.144763440693059
74	0.0622754580768637	0.144763440693059
75	0.0622754580768637	0.144763440693059
76	0.0693637698295177	0.148652071511914
77	0.0693637698295177	0.148652071511914
78	0.0693637698295177	0.148652071511914
79	0.0693637698295177	0.148652071511914
80	0.0693637698295177	0.148652071511914
81	0.0773971806620966	0.151713108795135
82	0.0773971806620966	0.151713108795135
83	0.0773971806620966	0.151713108795135
84	0.0773971806620966	0.151713108795135
85	0.0773971806620966	0.151713108795135
86	0.0866148923599141	0.154185340196818
87	0.0866148923599141	0.154185340196818
88	0.0866148923599141	0.154185340196818
89	0.0866148923599141	0.154185340196818
90	0.0866148923599141	0.154185340196818


# Data from female_ind
"AverageAge"	"P1"	"P2"
26	0.0318667534709191	0.0657500091415472
27	0.0318667534709191	0.0657500091415472
28	0.0318667534709191	0.0657500091415472
29	0.0318667534709191	0.0657500091415472
30	0.0318667534709191	0.0657500091415472
31	0.0335426098344802	0.0581646331702484
32	0.0335426098344802	0.0581646331702484
33	0.0335426098344802	0.0581646331702484
34	0.0335426098344802	0.0581646331702484
35	0.0335426098344802	0.0581646331702484
36	0.0347861813434958	0.0569297325838777
37	0.0347861813434958	0.0569297325838777
38	0.0347861813434958	0.0569297325838777
39	0.0347861813434958	0.0569297325838777
40	0.0347861813434958	0.0569297325838777
41	0.0354425998723366	0.0567423841804353
42	0.0354425998723366	0.0567423841804353
43	0.0354425998723366	0.0567423841804353
44	0.0354425998723366	0.0567423841804353
45	0.0354425998723366	0.0567423841804353
46	0.0354484268409957	0.0571515988148011
47	0.0354484268409957	0.0571515988148011
48	0.0354484268409957	0.0571515988148011
49	0.0354484268409957	0.0571515988148011
50	0.0354484268409957	0.0571515988148011
51	0.0349657148310903	0.0580631991160527
52	0.0349657148310903	0.0580631991160527
53	0.0349657148310903	0.0580631991160527
54	0.0349657148310903	0.0580631991160527
55	0.0349657148310903	0.0580631991160527
56	0.0348973194632529	0.0594128606689653
57	0.0348973194632529	0.0594128606689653
58	0.0348973194632529	0.0594128606689653
59	0.0348973194632529	0.0594128606689653
60	0.0348973194632529	0.0594128606689653
61	0.0355334146623174	0.0609685607259348
62	0.0355334146623174	0.0609685607259348
63	0.0355334146623174	0.0609685607259348
64	0.0355334146623174	0.0609685607259348
65	0.0355334146623174	0.0609685607259348
66	0.0369487766615857	0.0625406129382323
67	0.0369487766615857	0.0625406129382323
68	0.0369487766615857	0.0625406129382323
69	0.0369487766615857	0.0625406129382323
70	0.0369487766615857	0.0625406129382323
71	0.0390988564806235	0.0639934349847074
72	0.0390988564806235	0.0639934349847074
73	0.0390988564806235	0.0639934349847074
74	0.0390988564806235	0.0639934349847074
75	0.0390988564806235	0.0639934349847074
76	0.0415378564964333	0.0652439877965114
77	0.0415378564964333	0.0652439877965114
78	0.0415378564964333	0.0652439877965114
79	0.0415378564964333	0.0652439877965114
80	0.0415378564964333	0.0652439877965114
81	0.0441657795262871	0.0663145233722754
82	0.0441657795262871	0.0663145233722754
83	0.0441657795262871	0.0663145233722754
84	0.0441657795262871	0.0663145233722754
85	0.0441657795262871	0.0663145233722754
86	0.0470086482345778	0.0672413021226186
87	0.0470086482345778	0.0672413021226186
88	0.0470086482345778	0.0672413021226186
89	0.0470086482345778	0.0672413021226186
90	0.0470086482345778	0.0672413021226186


# Data from male_mal
"AverageAge"	"P1"	"P2"
26	0.0132509334165027	0
27	0.0132509334165027	0
28	0.0132509334165027	0
29	0.0132509334165027	0
30	0.0132509334165027	0
31	0.0146609985318345	0.0120789905731952
32	0.0146609985318345	0.0120789905731952
33	0.0146609985318345	0.0120789905731952
34	0.0146609985318345	0.0120789905731952
35	0.0146609985318345	0.0120789905731952
36	0.0174096370090534	0.0246838398152503
37	0.0174096370090534	0.0246838398152503
38	0.0174096370090534	0.0246838398152503
39	0.0174096370090534	0.0246838398152503
40	0.0174096370090534	0.0246838398152503
41	0.0212933223863626	0.0301757084944099
42	0.0212933223863626	0.0301757084944099
43	0.0212933223863626	0.0301757084944099
44	0.0212933223863626	0.0301757084944099
45	0.0212933223863626	0.0301757084944099
46	0.0273530153286954	0.0532084485751674
47	0.0273530153286954	0.0532084485751674
48	0.0273530153286954	0.0532084485751674
49	0.0273530153286954	0.0532084485751674
50	0.0273530153286954	0.0532084485751674
51	0.0343830921578552	0.0813577380099884
52	0.0343830921578552	0.0813577380099884
53	0.0343830921578552	0.0813577380099884
54	0.0343830921578552	0.0813577380099884
55	0.0343830921578552	0.0813577380099884
56	0.0408383295671059	0.0969802257166967
57	0.0408383295671059	0.0969802257166967
58	0.0408383295671059	0.0969802257166967
59	0.0408383295671059	0.0969802257166967
60	0.0408383295671059	0.0969802257166967
61	0.0467313686584337	0.10601845535588
62	0.0467313686584337	0.10601845535588
63	0.0467313686584337	0.10601845535588
64	0.0467313686584337	0.10601845535588
65	0.0467313686584337	0.10601845535588
66	0.0522347966974138	0.111727301367404
67	0.0522347966974138	0.111727301367404
68	0.0522347966974138	0.111727301367404
69	0.0522347966974138	0.111727301367404
70	0.0522347966974138	0.111727301367404
71	0.0581388946404091	0.115810752554448
72	0.0581388946404091	0.115810752554448
73	0.0581388946404091	0.115810752554448
74	0.0581388946404091	0.115810752554448
75	0.0581388946404091	0.115810752554448
76	0.0647563748307159	0.118921657209532
77	0.0647563748307159	0.118921657209532
78	0.0647563748307159	0.118921657209532
79	0.0647563748307159	0.118921657209532
80	0.0647563748307159	0.118921657209532
81	0.0722561771673275	0.121370487036109
82	0.0722561771673275	0.121370487036109
83	0.0722561771673275	0.121370487036109
84	0.0722561771673275	0.121370487036109
85	0.0722561771673275	0.121370487036109
86	0.0808616147791013	0.123348272157455
87	0.0808616147791013	0.123348272157455
88	0.0808616147791013	0.123348272157455
89	0.0808616147791013	0.123348272157455
90	0.0808616147791013	0.123348272157455


# Data from female_mal
"AverageAge"	"P1"	"P2"
26	0.0297500472865404	0.0526000073132381
27	0.0297500472865404	0.0526000073132381
28	0.0297500472865404	0.0526000073132381
29	0.0297500472865404	0.0526000073132381
30	0.0297500472865404	0.0526000073132381
31	0.0313145871480261	0.046531706536199
32	0.0313145871480261	0.046531706536199
33	0.0313145871480261	0.046531706536199
34	0.0313145871480261	0.046531706536199
35	0.0313145871480261	0.046531706536199
36	0.0324755560942719	0.0455437860671024
37	0.0324755560942719	0.0455437860671024
38	0.0324755560942719	0.0455437860671024
39	0.0324755560942719	0.0455437860671024
40	0.0324755560942719	0.0455437860671024
41	0.0330883729063327	0.0453939073443485
42	0.0330883729063327	0.0453939073443485
43	0.0330883729063327	0.0453939073443485
44	0.0330883729063327	0.0453939073443485
45	0.0330883729063327	0.0453939073443485
46	0.0330938128264458	0.0457212790518412
47	0.0330938128264458	0.0457212790518412
48	0.0330938128264458	0.0457212790518412
49	0.0330938128264458	0.0457212790518412
50	0.0330938128264458	0.0457212790518412
51	0.0326431643117306	0.0464505592928424
52	0.0326431643117306	0.0464505592928424
53	0.0326431643117306	0.0464505592928424
54	0.0326431643117306	0.0464505592928424
55	0.0326431643117306	0.0464505592928424
56	0.0325793120140938	0.0475302885351726
57	0.0325793120140938	0.0475302885351726
58	0.0325793120140938	0.0475302885351726
59	0.0325793120140938	0.0475302885351726
60	0.0325793120140938	0.0475302885351726
61	0.0331731554461893	0.0487748485807481
62	0.0331731554461893	0.0487748485807481
63	0.0331731554461893	0.0487748485807481
64	0.0331731554461893	0.0487748485807481
65	0.0331731554461893	0.0487748485807481
66	0.0344945039307228	0.0500324903505861
67	0.0344945039307228	0.0500324903505861
68	0.0344945039307228	0.0500324903505861
69	0.0344945039307228	0.0500324903505861
70	0.0344945039307228	0.0500324903505861
71	0.0365017675932915	0.0511947479877662
72	0.0365017675932915	0.0511947479877662
73	0.0365017675932915	0.0511947479877662
74	0.0365017675932915	0.0511947479877662
75	0.0365017675932915	0.0511947479877662
76	0.0387787603176502	0.0521951902372094
77	0.0387787603176502	0.0521951902372094
78	0.0387787603176502	0.0521951902372094
79	0.0387787603176502	0.0521951902372094
80	0.0387787603176502	0.0521951902372094
81	0.0412321270992674	0.0530516186978207
82	0.0412321270992674	0.0530516186978207
83	0.0412321270992674	0.0530516186978207
84	0.0412321270992674	0.0530516186978207
85	0.0412321270992674	0.0530516186978207
86	0.0438861620820985	0.0537930416980952
87	0.0438861620820985	0.0537930416980952
88	0.0438861620820985	0.0537930416980952
89	0.0438861620820985	0.0537930416980952
90	0.0438861620820985	0.0537930416980952
